{
 "cells": [
  {
   "cell_type": "code",
   "execution_count": 1,
   "metadata": {},
   "outputs": [
    {
     "name": "stdout",
     "output_type": "stream",
     "text": [
      "22/08/21 22:58:27 WARN Utils: Your hostname, DESKTOP-L9KIK4G resolves to a loopback address: 127.0.1.1; using 172.23.126.166 instead (on interface eth0)\n",
      "22/08/21 22:58:27 WARN Utils: Set SPARK_LOCAL_IP if you need to bind to another address\n"
     ]
    },
    {
     "name": "stderr",
     "output_type": "stream",
     "text": [
      "Setting default log level to \"WARN\".\n",
      "To adjust logging level use sc.setLogLevel(newLevel). For SparkR, use setLogLevel(newLevel).\n"
     ]
    },
    {
     "name": "stdout",
     "output_type": "stream",
     "text": [
      "22/08/21 22:58:29 WARN NativeCodeLoader: Unable to load native-hadoop library for your platform... using builtin-java classes where applicable\n"
     ]
    }
   ],
   "source": [
    "# Sample connection\n",
    "from pyspark.sql import SparkSession\n",
    "from pyspark.sql import functions as F\n",
    "\n",
    "# Create a spark session (which will run spark jobs)\n",
    "spark = (\n",
    "    SparkSession.builder.appName(\"Cleaning connection\")\n",
    "    .config(\"spark.sql.repl.eagerEval.enabled\", True) \n",
    "    .config(\"spark.sql.parquet.cacheMetadata\", \"true\")\n",
    "    .config(\"spark.sql.session.timeZone\", \"Etc/UTC\")\n",
    "    .config(\"spark.driver.memory\", \"4g\")\n",
    "    .config(\"spark.executor.memory\", \"8g\")\n",
    "    .getOrCreate()\n",
    ")"
   ]
  },
  {
   "cell_type": "markdown",
   "metadata": {},
   "source": [
    "# Linear Regression"
   ]
  },
  {
   "cell_type": "code",
   "execution_count": 2,
   "metadata": {},
   "outputs": [],
   "source": [
    "from statsmodels.formula.api import ols, glm\n",
    "# VectorAssembler creates new vectors from existing columns\n",
    "from pyspark.ml.feature import VectorAssembler, OneHotEncoder\n",
    "from pyspark.ml.linalg import Vectors\n",
    "\n",
    "from pyspark.ml.regression import LinearRegression\n",
    "\n",
    "import pandas as pd"
   ]
  },
  {
   "cell_type": "code",
   "execution_count": 3,
   "metadata": {},
   "outputs": [
    {
     "name": "stderr",
     "output_type": "stream",
     "text": [
      "                                                                                \r"
     ]
    },
    {
     "name": "stdout",
     "output_type": "stream",
     "text": [
      "root\n",
      " |-- PULocationID: long (nullable = true)\n",
      " |-- PUWeekday: integer (nullable = true)\n",
      " |-- PUHour: integer (nullable = true)\n",
      " |-- PUMonth: integer (nullable = true)\n",
      " |-- PUDay: integer (nullable = true)\n",
      " |-- count: long (nullable = true)\n",
      " |-- wnd: double (nullable = true)\n",
      " |-- vis: double (nullable = true)\n",
      " |-- tmp: double (nullable = true)\n",
      " |-- dew: double (nullable = true)\n",
      " |-- atm: double (nullable = true)\n",
      " |-- cc: double (nullable = true)\n",
      "\n"
     ]
    }
   ],
   "source": [
    "sdf = spark.read.parquet('../data/curated/final2/clean_dataset.parquet/').drop('pickup_datetime', 'DOLocationID').dropDuplicates()\n",
    "sdf.printSchema()"
   ]
  },
  {
   "cell_type": "markdown",
   "metadata": {},
   "source": [
    "## Total trash"
   ]
  },
  {
   "cell_type": "code",
   "execution_count": 91,
   "metadata": {},
   "outputs": [
    {
     "name": "stderr",
     "output_type": "stream",
     "text": [
      "                                                                                \r"
     ]
    },
    {
     "name": "stdout",
     "output_type": "stream",
     "text": [
      "22/08/21 18:16:15 WARN PearsonCorrelation: Pearson correlation matrix contains NaN values.\n"
     ]
    },
    {
     "data": {
      "text/plain": [
       "array([ 1.        ,  0.10138565, -0.00554797, ..., -0.00501742,\n",
       "       -0.00789543,  1.        ])"
      ]
     },
     "execution_count": 91,
     "metadata": {},
     "output_type": "execute_result"
    }
   ],
   "source": [
    "from pyspark.ml.stat import Correlation\n",
    "from pyspark.ml.feature import VectorAssembler\n",
    "\n",
    "# convert to vector column first\n",
    "vector_col = \"corr_features\"\n",
    "assembler = VectorAssembler(inputCols=sampled_model_sdf.columns, outputCol=vector_col)\n",
    "df_vector = assembler.transform(sampled_model_sdf).select(vector_col)\n",
    "\n",
    "# get correlation matrix\n",
    "matrix = Correlation.corr(df_vector, vector_col)\n",
    "\n",
    "matrix.collect()[0][\"pearson({})\".format(vector_col)].values"
   ]
  },
  {
   "cell_type": "code",
   "execution_count": 93,
   "metadata": {},
   "outputs": [
    {
     "data": {
      "text/plain": [
       "[Row(pearson(corr_features)=DenseMatrix(549, 549, [1.0, 0.1014, -0.0055, 0.0186, -0.0066, -0.0015, -0.0065, -0.0043, ..., -0.0058, -0.0041, -0.0009, -0.0007, -0.0007, -0.005, -0.0079, 1.0], False))]"
      ]
     },
     "execution_count": 93,
     "metadata": {},
     "output_type": "execute_result"
    }
   ],
   "source": [
    "matrix.collect()"
   ]
  },
  {
   "cell_type": "markdown",
   "metadata": {},
   "source": [
    "# Statsmodel.sm. midagi ols"
   ]
  },
  {
   "cell_type": "code",
   "execution_count": 20,
   "metadata": {},
   "outputs": [],
   "source": [
    "from statsmodels.formula.api import ols, glm"
   ]
  },
  {
   "cell_type": "code",
   "execution_count": 21,
   "metadata": {},
   "outputs": [],
   "source": [
    "import statsmodels.api as sm\n",
    "import statsmodels.formula.api as smf"
   ]
  },
  {
   "cell_type": "code",
   "execution_count": 22,
   "metadata": {},
   "outputs": [
    {
     "name": "stdout",
     "output_type": "stream",
     "text": [
      "root\n",
      " |-- count: double (nullable = true)\n",
      " |-- wnd: double (nullable = true)\n",
      " |-- vis: double (nullable = true)\n",
      " |-- tmp: double (nullable = true)\n",
      " |-- dew: double (nullable = true)\n",
      " |-- atm: double (nullable = true)\n",
      " |-- cc: double (nullable = true)\n",
      " |-- PUMonth: integer (nullable = true)\n",
      " |-- PUWeekday: integer (nullable = true)\n",
      " |-- PUDay: integer (nullable = true)\n",
      " |-- PUHour: integer (nullable = true)\n",
      " |-- PULocationID: long (nullable = true)\n",
      "\n"
     ]
    }
   ],
   "source": [
    "from pyspark.sql.types import DoubleType\n",
    "dummy = sdf.select('count', 'wnd', 'vis', 'tmp', 'dew', 'atm', 'cc', 'PUMonth', 'PUWeekday','PUDay', 'PUHour', 'PULocationID')\\\n",
    "    .dropna('any')\\\n",
    "    .withColumn('count', F.col('count').cast(DoubleType()))\n",
    "dummy.printSchema()\n"
   ]
  },
  {
   "cell_type": "code",
   "execution_count": null,
   "metadata": {},
   "outputs": [],
   "source": []
  },
  {
   "cell_type": "code",
   "execution_count": 25,
   "metadata": {},
   "outputs": [
    {
     "name": "stderr",
     "output_type": "stream",
     "text": [
      "[Stage 51:>                                                         (0 + 4) / 6]\r"
     ]
    }
   ],
   "source": [
    "fit = smf.ols(\n",
    "    formula=\"count ~ wnd + tmp + dew + atm + cc + PUMonth + PUWeekday + PUDay + PUHour + PULocationID\",\n",
    "    #formula=\"count ~ wnd + vis + tmp + dew + atm + cc + PUMonth + PUWeekday + PUDay + PUHour + PULocationID\",\n",
    "    data=dummy.sample(withReplacement=False, fraction=0.05, seed=42).toPandas()\n",
    ").fit()"
   ]
  },
  {
   "cell_type": "code",
   "execution_count": 24,
   "metadata": {},
   "outputs": [
    {
     "data": {
      "text/html": [
       "<table class=\"simpletable\">\n",
       "<caption>OLS Regression Results</caption>\n",
       "<tr>\n",
       "  <th>Dep. Variable:</th>          <td>count</td>      <th>  R-squared:         </th>  <td>   0.043</td>  \n",
       "</tr>\n",
       "<tr>\n",
       "  <th>Model:</th>                   <td>OLS</td>       <th>  Adj. R-squared:    </th>  <td>   0.042</td>  \n",
       "</tr>\n",
       "<tr>\n",
       "  <th>Method:</th>             <td>Least Squares</td>  <th>  F-statistic:       </th>  <td>   213.2</td>  \n",
       "</tr>\n",
       "<tr>\n",
       "  <th>Date:</th>             <td>Sun, 21 Aug 2022</td> <th>  Prob (F-statistic):</th>   <td>  0.00</td>   \n",
       "</tr>\n",
       "<tr>\n",
       "  <th>Time:</th>                 <td>23:08:03</td>     <th>  Log-Likelihood:    </th> <td>-3.3138e+05</td>\n",
       "</tr>\n",
       "<tr>\n",
       "  <th>No. Observations:</th>      <td> 52707</td>      <th>  AIC:               </th>  <td>6.628e+05</td> \n",
       "</tr>\n",
       "<tr>\n",
       "  <th>Df Residuals:</th>          <td> 52695</td>      <th>  BIC:               </th>  <td>6.629e+05</td> \n",
       "</tr>\n",
       "<tr>\n",
       "  <th>Df Model:</th>              <td>    11</td>      <th>                     </th>      <td> </td>     \n",
       "</tr>\n",
       "<tr>\n",
       "  <th>Covariance Type:</th>      <td>nonrobust</td>    <th>                     </th>      <td> </td>     \n",
       "</tr>\n",
       "</table>\n",
       "<table class=\"simpletable\">\n",
       "<tr>\n",
       "        <td></td>          <th>coef</th>     <th>std err</th>      <th>t</th>      <th>P>|t|</th>  <th>[0.025</th>    <th>0.975]</th>  \n",
       "</tr>\n",
       "<tr>\n",
       "  <th>Intercept</th>    <td>  106.1447</td> <td>  129.538</td> <td>    0.819</td> <td> 0.413</td> <td> -147.750</td> <td>  360.040</td>\n",
       "</tr>\n",
       "<tr>\n",
       "  <th>wnd</th>          <td>    0.1346</td> <td>    0.032</td> <td>    4.207</td> <td> 0.000</td> <td>    0.072</td> <td>    0.197</td>\n",
       "</tr>\n",
       "<tr>\n",
       "  <th>vis</th>          <td>    0.0001</td> <td>    0.000</td> <td>    0.532</td> <td> 0.595</td> <td>   -0.000</td> <td>    0.001</td>\n",
       "</tr>\n",
       "<tr>\n",
       "  <th>tmp</th>          <td>   -0.0722</td> <td>    0.017</td> <td>   -4.178</td> <td> 0.000</td> <td>   -0.106</td> <td>   -0.038</td>\n",
       "</tr>\n",
       "<tr>\n",
       "  <th>dew</th>          <td>    0.0642</td> <td>    0.017</td> <td>    3.813</td> <td> 0.000</td> <td>    0.031</td> <td>    0.097</td>\n",
       "</tr>\n",
       "<tr>\n",
       "  <th>atm</th>          <td>   -0.0080</td> <td>    0.013</td> <td>   -0.624</td> <td> 0.532</td> <td>   -0.033</td> <td>    0.017</td>\n",
       "</tr>\n",
       "<tr>\n",
       "  <th>cc</th>           <td>   -0.3453</td> <td>    0.275</td> <td>   -1.258</td> <td> 0.209</td> <td>   -0.884</td> <td>    0.193</td>\n",
       "</tr>\n",
       "<tr>\n",
       "  <th>PUMonth</th>      <td>   -4.0175</td> <td>    0.802</td> <td>   -5.010</td> <td> 0.000</td> <td>   -5.589</td> <td>   -2.446</td>\n",
       "</tr>\n",
       "<tr>\n",
       "  <th>PUWeekday</th>    <td>    0.8568</td> <td>    0.283</td> <td>    3.023</td> <td> 0.003</td> <td>    0.301</td> <td>    1.412</td>\n",
       "</tr>\n",
       "<tr>\n",
       "  <th>PUDay</th>        <td>    0.0761</td> <td>    0.065</td> <td>    1.172</td> <td> 0.241</td> <td>   -0.051</td> <td>    0.203</td>\n",
       "</tr>\n",
       "<tr>\n",
       "  <th>PUHour</th>       <td>    3.0368</td> <td>    0.095</td> <td>   31.919</td> <td> 0.000</td> <td>    2.850</td> <td>    3.223</td>\n",
       "</tr>\n",
       "<tr>\n",
       "  <th>PULocationID</th> <td>    0.2454</td> <td>    0.007</td> <td>   32.730</td> <td> 0.000</td> <td>    0.231</td> <td>    0.260</td>\n",
       "</tr>\n",
       "</table>\n",
       "<table class=\"simpletable\">\n",
       "<tr>\n",
       "  <th>Omnibus:</th>       <td>31055.589</td> <th>  Durbin-Watson:     </th>  <td>   1.991</td> \n",
       "</tr>\n",
       "<tr>\n",
       "  <th>Prob(Omnibus):</th>  <td> 0.000</td>   <th>  Jarque-Bera (JB):  </th> <td>287770.212</td>\n",
       "</tr>\n",
       "<tr>\n",
       "  <th>Skew:</th>           <td> 2.762</td>   <th>  Prob(JB):          </th>  <td>    0.00</td> \n",
       "</tr>\n",
       "<tr>\n",
       "  <th>Kurtosis:</th>       <td>13.027</td>   <th>  Cond. No.          </th>  <td>4.25e+06</td> \n",
       "</tr>\n",
       "</table><br/><br/>Notes:<br/>[1] Standard Errors assume that the covariance matrix of the errors is correctly specified.<br/>[2] The condition number is large, 4.25e+06. This might indicate that there are<br/>strong multicollinearity or other numerical problems."
      ],
      "text/plain": [
       "<class 'statsmodels.iolib.summary.Summary'>\n",
       "\"\"\"\n",
       "                            OLS Regression Results                            \n",
       "==============================================================================\n",
       "Dep. Variable:                  count   R-squared:                       0.043\n",
       "Model:                            OLS   Adj. R-squared:                  0.042\n",
       "Method:                 Least Squares   F-statistic:                     213.2\n",
       "Date:                Sun, 21 Aug 2022   Prob (F-statistic):               0.00\n",
       "Time:                        23:08:03   Log-Likelihood:            -3.3138e+05\n",
       "No. Observations:               52707   AIC:                         6.628e+05\n",
       "Df Residuals:                   52695   BIC:                         6.629e+05\n",
       "Df Model:                          11                                         \n",
       "Covariance Type:            nonrobust                                         \n",
       "================================================================================\n",
       "                   coef    std err          t      P>|t|      [0.025      0.975]\n",
       "--------------------------------------------------------------------------------\n",
       "Intercept      106.1447    129.538      0.819      0.413    -147.750     360.040\n",
       "wnd              0.1346      0.032      4.207      0.000       0.072       0.197\n",
       "vis              0.0001      0.000      0.532      0.595      -0.000       0.001\n",
       "tmp             -0.0722      0.017     -4.178      0.000      -0.106      -0.038\n",
       "dew              0.0642      0.017      3.813      0.000       0.031       0.097\n",
       "atm             -0.0080      0.013     -0.624      0.532      -0.033       0.017\n",
       "cc              -0.3453      0.275     -1.258      0.209      -0.884       0.193\n",
       "PUMonth         -4.0175      0.802     -5.010      0.000      -5.589      -2.446\n",
       "PUWeekday        0.8568      0.283      3.023      0.003       0.301       1.412\n",
       "PUDay            0.0761      0.065      1.172      0.241      -0.051       0.203\n",
       "PUHour           3.0368      0.095     31.919      0.000       2.850       3.223\n",
       "PULocationID     0.2454      0.007     32.730      0.000       0.231       0.260\n",
       "==============================================================================\n",
       "Omnibus:                    31055.589   Durbin-Watson:                   1.991\n",
       "Prob(Omnibus):                  0.000   Jarque-Bera (JB):           287770.212\n",
       "Skew:                           2.762   Prob(JB):                         0.00\n",
       "Kurtosis:                      13.027   Cond. No.                     4.25e+06\n",
       "==============================================================================\n",
       "\n",
       "Notes:\n",
       "[1] Standard Errors assume that the covariance matrix of the errors is correctly specified.\n",
       "[2] The condition number is large, 4.25e+06. This might indicate that there are\n",
       "strong multicollinearity or other numerical problems.\n",
       "\"\"\""
      ]
     },
     "execution_count": 24,
     "metadata": {},
     "output_type": "execute_result"
    }
   ],
   "source": [
    "fit.summary()\n",
    "# 0.320"
   ]
  },
  {
   "cell_type": "markdown",
   "metadata": {},
   "source": [
    "## Correllation matrix"
   ]
  },
  {
   "cell_type": "code",
   "execution_count": 4,
   "metadata": {},
   "outputs": [
    {
     "name": "stderr",
     "output_type": "stream",
     "text": [
      "[Stage 9:>                                                          (0 + 4) / 4]\r"
     ]
    },
    {
     "name": "stdout",
     "output_type": "stream",
     "text": [
      "22/08/21 22:59:59 WARN InstanceBuilder$NativeBLAS: Failed to load implementation from:dev.ludovic.netlib.blas.JNIBLAS\n",
      "22/08/21 22:59:59 WARN InstanceBuilder$NativeBLAS: Failed to load implementation from:dev.ludovic.netlib.blas.ForeignLinkerBLAS\n"
     ]
    },
    {
     "name": "stderr",
     "output_type": "stream",
     "text": [
      "                                                                                \r"
     ]
    }
   ],
   "source": [
    "from pyspark.ml.stat import Correlation\n",
    "from pyspark.ml.feature import VectorAssembler\n",
    "\n",
    "# convert to vector column first\n",
    "columns = ['PUWeekday', 'PUHour', 'PUMonth', 'PUDay', 'wnd', 'vis', 'tmp', 'dew', 'atm', 'cc']\n",
    "vector_col = \"corr_features\"\n",
    "assembler = VectorAssembler(inputCols=columns, outputCol=vector_col)\n",
    "df_vector = assembler.transform(sdf).select(vector_col)\n",
    "\n",
    "# get correlation matrix\n",
    "matrix = Correlation.corr(df_vector, vector_col)"
   ]
  },
  {
   "cell_type": "code",
   "execution_count": 5,
   "metadata": {},
   "outputs": [
    {
     "data": {
      "text/plain": [
       "[[1.0,\n",
       "  0.010498503549288414,\n",
       "  0.003823848267355205,\n",
       "  0.011324057998288917,\n",
       "  0.0036050303130158675,\n",
       "  -0.0019407536750495494,\n",
       "  0.0034407500503514776,\n",
       "  0.02468323403730092,\n",
       "  -0.05015143781851093,\n",
       "  0.034813648521991605],\n",
       " [0.010498503549288414,\n",
       "  1.0,\n",
       "  -0.0019426049850655015,\n",
       "  -0.0014382127045732775,\n",
       "  0.2573273114829882,\n",
       "  0.02366160385430587,\n",
       "  0.2909592231521646,\n",
       "  -0.09156335820332923,\n",
       "  -0.015145703177550386,\n",
       "  -0.02200981004927506],\n",
       " [0.003823848267355205,\n",
       "  -0.0019426049850655015,\n",
       "  1.0,\n",
       "  0.020561574290398114,\n",
       "  -0.07199032207812657,\n",
       "  0.13027957261562295,\n",
       "  0.25976273672423333,\n",
       "  0.3689848518749176,\n",
       "  0.21018989912764008,\n",
       "  -0.052626145127812815],\n",
       " [0.011324057998288917,\n",
       "  -0.0014382127045732775,\n",
       "  0.020561574290398114,\n",
       "  1.0,\n",
       "  0.07303572704720857,\n",
       "  0.03677773760034275,\n",
       "  0.07952479117767565,\n",
       "  0.055877242622921194,\n",
       "  0.06400347790946961,\n",
       "  -0.008514753825332736],\n",
       " [0.0036050303130158675,\n",
       "  0.2573273114829882,\n",
       "  -0.07199032207812657,\n",
       "  0.07303572704720857,\n",
       "  1.0,\n",
       "  0.029625225365475648,\n",
       "  0.11758061377731499,\n",
       "  -0.10252368221570145,\n",
       "  -0.10520001660983912,\n",
       "  0.050760897129357295],\n",
       " [-0.0019407536750495494,\n",
       "  0.02366160385430587,\n",
       "  0.13027957261562295,\n",
       "  0.03677773760034275,\n",
       "  0.029625225365475648,\n",
       "  1.0,\n",
       "  0.23997816074757908,\n",
       "  -0.15546099936290592,\n",
       "  0.17945577357326192,\n",
       "  -0.2796638312684957],\n",
       " [0.0034407500503514776,\n",
       "  0.2909592231521646,\n",
       "  0.25976273672423333,\n",
       "  0.07952479117767565,\n",
       "  0.11758061377731499,\n",
       "  0.23997816074757908,\n",
       "  1.0,\n",
       "  0.39032106921387416,\n",
       "  -0.034632981038874626,\n",
       "  -0.1956962763563436],\n",
       " [0.02468323403730092,\n",
       "  -0.09156335820332923,\n",
       "  0.3689848518749176,\n",
       "  0.055877242622921194,\n",
       "  -0.10252368221570145,\n",
       "  -0.15546099936290592,\n",
       "  0.39032106921387416,\n",
       "  1.0,\n",
       "  -0.2079551369562193,\n",
       "  0.15295964734129444],\n",
       " [-0.05015143781851093,\n",
       "  -0.015145703177550386,\n",
       "  0.21018989912764008,\n",
       "  0.06400347790946961,\n",
       "  -0.10520001660983912,\n",
       "  0.17945577357326192,\n",
       "  -0.034632981038874626,\n",
       "  -0.2079551369562193,\n",
       "  1.0,\n",
       "  -0.10127188689336165],\n",
       " [0.034813648521991605,\n",
       "  -0.02200981004927506,\n",
       "  -0.052626145127812815,\n",
       "  -0.008514753825332736,\n",
       "  0.050760897129357295,\n",
       "  -0.2796638312684957,\n",
       "  -0.1956962763563436,\n",
       "  0.15295964734129444,\n",
       "  -0.10127188689336165,\n",
       "  1.0]]"
      ]
     },
     "execution_count": 5,
     "metadata": {},
     "output_type": "execute_result"
    }
   ],
   "source": [
    "matrix.collect()[0][0].toArray().tolist()"
   ]
  },
  {
   "cell_type": "code",
   "execution_count": 6,
   "metadata": {},
   "outputs": [
    {
     "data": {
      "text/plain": [
       "<AxesSubplot:>"
      ]
     },
     "execution_count": 6,
     "metadata": {},
     "output_type": "execute_result"
    },
    {
     "data": {
